00000000000000000000000000000000000000000000000000000000000000000000000000000000000000000000000000000000000000000000000000000000000000000000
00000000000000000000000000000000000000000000000000000000000000000000000000000000000000000000000000000000000000000000000000000000000000000000
00000000000000000000000000000000000000000000000000000000000000000000000000000000000000000000000000000000000000000000000000000000000000000000
00000000000000000000000000000000000000000000000000000000000000000000000000000000000000000000000000000000000000000000000000000000000000000000
00000000000000000000000000000000000000000000000000000000000000000000000000000000000000000000000000000000000000000000000000000000000000000000
00000000000000000000000000000000000000000000000000000000000000000000000000000000000000000000000000000000000000000000000000000000000000000000
00000000000000000000000000000000000000000000000000000000000000000000000000000000000000000000000000000000000000000000000000000000000000000000
00000000000000000000000000000000000000000000000000000000000000000000000000000000000000000000000000000000000000000000000000000000000000000000
00000000000000000000000000000000000000000000000000000000000000000000000000000000000000000000000000000000000000000000000000000000000000000000
00000000000000000000000000000000000000000000000000000000000000000000000000000000000000000000000000000000000000000000000000000000000000000000
00000000000000000000000000000000000000000000000000000000000000000000000000000000000000000000000000000000000000000000000000000000000000000000
00000000000000000000000000000000000000000000000000000000000000000000000000000000000000000000000000000000000000000000000000000000000000000000
00000000000000000000000000000000000000000000000000000000000000000000000000000000000000000000000000000000000000000000000000000000000000000000
00000000000000000000000000000000000000000000000000000000000000000000000000000000000000000000000000000000000000000000000000000000000000000000
00000000000000000000000000000000000000000000000000000000000000000000000000000000000000000000000000000000000000000000000000000000000000000000
00000000000000000000000000000000000000000000000000000000000000000000000000000000000000000000000000000000000000000000000000000000000000000000
00000000000000000000000000000000000000000000000000000000000000000000000000000000000000000000000000000000000000000000000000000000000000000000
00000000000000000000000000000000000000000000000000000000000000000000000000000000000000000000000000000000000000000000000000000000000000000000
00000000000000000000000000000000000000000000000000000000000000000000000000000000000000000000000000000000000000000000000000000000000000000000
00000000000000000000000000000000000000000000000000000000000000000000000000000000000000000000000000000000000000000000000000000000000000000000
00000000000000000000000000000000000000000000000000000000000000000000000000000000000000000000000000000000000000000000000000000000000000000000
00000000000000000000000000000000000000000000000000000000000000000000000000000000000000000000000000000000000000000000000000000000000000000000
00000000000000000000000000000000000000000000000000000000000000000000000000000000000000000000000000000000000000000000000000000000000000000000
00000000000000000000000000000000000000000000000000000000000000000000000000000000000000000000000000000000000000000000000000000000000000000000
00000000000000000000000000000000000000000000000000000000000000000000000000000000000000000000000000000000000000000000000000000000000000000000
00000000000000000000000000000000000000000000000000000000000000000000000000000000000000000000000000000000000000000000000000000000000000000000
00000000000000000000000000000000000000000000000000000000000000000000000000000000000000000000000000000000000000000000000000000000000000000000
00000000000000000000000000000000000000000000000000000000000000000000000000000000000000000000000000000000000000000000000000000000000000000000
00000000000000000000000000000000000000000000000000000000000000000000000000000000000000000000000000000000000000000000000000000000000000000000
00000000000000000000000000000000000000000000000000000000000000000000000000000000000000000000000000000000000000000000000000000000000000000000
00000000000000000000000000000000000000000000000000000000000000000000000000000000000000000000000000000000000000000000000000000000000000000000
00000000000000000000000000000000000000000000000000000000000000000000000000000000000000000000000000000000000000000000000000000000000000000000
00000000000000000000000000000000000000000000000000000000000000000000000000000000000000000000000000000000000000000000000000000000000000000000
00000000000000000000000000000000000000000000000000000000000000000000000000000000000000000000000000000000000000000000000000000000000000000000
00000000000000000000000000000000000000000000000000000000000000000000000000000000000000000000000000000000000000000000000000000000000000000000
00000000000000000000000000000000000000000000000000000000000000000000000000000000000000000000000000000000000000000000000000000000000000000000
00000000000000000000000000000000000000000000000000000000000000000000000000000000000000000000000000000000000000000000000000000000000000000000
00000000000000000000000000000000000000000000000000000000000000000000000000000000000000000000000000000000000000000000000000000000000000000000
00000000000000000000000000000000000000000000000000000000000000000000000000000000000000000000000000000000000000000000000000000000000000000000
00000000000000000000000000000000000000000000000000000000000000000000000000000000000000000000000000000000000000000000000000000000000000000000
00000000000000003333333333333333333333333333333333333333333333333333300000000000000000000000000000000000000000000000000000000000000000000000
00000000000000033333333333333333333333333333333333333333333333333333333333333333333333333333333333333333333333333333300000000000000000000000
00000000000000003333333333333333333333333333333333333333333333333333333333333333333333333333333333000000000000000003300000000000000000000000
00000000000000003000000000000000000000000000000000000000000000000000000000000000000000000000000000000000000000000003333330000000000000000000
00000000000000003000000000000000000000000000000000000000000000000000000000000000000000000000000000000000000000000003333333000000000000000000
00000000000000033000000000000000000000000000000000000000000000000000000000000000000000000000000000000000000000000000000333000000000000000000
00000000000000003000000000000000000000000000000000000000000000000000000000000000000000000000000000000000000000000000000333000000000000000000
00000000000000033000000000000000000000000000000000000000000000000000000000000000000000000000000000000000000000000000000333000000000000000000
00000333333333333000000000000000000000000000000000000000000000000000000000000000000000000000000000000000000000000000000333000000000000000000
00000333333333333000000000000000000000000000000000000000000000000000000000000000000000000000000000000000000000000000000333000000000000000000
00000333333333333000000000000000000000000000000000000000000000000000000000000000000000000000000000000000000000000000000333000000000000000000
00000330000000000000000000000000000000000000000000000000000000000000000000000000000000000000000000000000000000000000000333000000000000000000
00000330000000000000000000000000000000000000000000000000000000000000000000000000000000000000000000000000000000000000000330000000000000000000
00000330000000000000000000000000000000000000000000000000000000000000000000000000000000000000000000000000000000000000000330000000000000000000
00000330000000000000000000000000000000000000000000000000000000000000000000000000000000000000000000000000000000000000000330000000000000000000
00000330000000000000000000000000000000000000000000000000000000000000000000000000000000000000000000000000000000000000000330000000000000000000
00000330000000000000000000000000000000000000000000000000000000000000000000000000000000000000000000000000000000000000000330000000000000000000
00000330000000000000000000000000000000000000000000000000000000000000000000000000000000000000000000000000000000000000000330000000000000000000
00000330000000000000000000000000000000000000000000000000000000000000000000000000000000000000000000000000000000000000000330000000000000000000
00000330000000000000000000000000000000000000000000000000000000000000000000000000000000000000000000000000000000000000000330000000000000000000
00000330000000000000000000000000000000000000000000000000000000000000000000000000000000000000000000000000000000000000000330000000000000000000
00000330000000000000000000000000000000000000000000000000000000000000000000000000000000000000000000000000000000000000000330000000000000000000
00000330000000000000000000000000000000000000000000000000000000000000000000000333000000000000000000000000000000000000000330000000000000000000
00000330000000000000000000000000000000000000000000000000000000000000000000000333000000000000000000000000000000000000000330000000000000000000
00000330000000000000000000000000000000000000000000000000000000000000000000000333000000000000000000000000000000000000000330000000000000000000
00000330000000000000000000000000000000000000000000000000000000000000000000000333000000000000000000000000000000000000000330000000000000000000
00000330000000000000000000000000000000000000000000000000000000000000000000000333000000000000000000000000000000000000000330000000000000000000
00000330000000000000000000000000000000000000000000000000000000000000000000000333000000000000000000000000000000000000000330000000000000000000
00000330000000000000000000000000000000000000000000000000000000000000000000000333000000000000000000000000000000000000000330000000000000000000
00000330000000000000000000000000000000000000000000000000000000000000000000000333000000000000000000000000000000000000000330000000000000000000
00000330000000000000000000000000000000000000000000000000000000000000000000000333000000000000000000000000000000000000000330000000000000000000
00000330000000000000000000000000000000000000000000000000000000000000000000000333000000000000000000000000000000000000000330000000000000000000
00000330000000000000000000000000000000000000000033333330003000000000000000000333000000000000000000000000000003333033000330000000000000000000
00000330000000000000000000330000000000000000000333333333333300000000000000000333333333333333333333333333333333333333333330000000000000000000
00000330000000000000000000333000000000000000000333333333333300000000000000000333333333333333333333333333333333333333333330000000000000000000
00000330000000000000000000333000000000000000000330000000033300000000000000000030000033333300000000000000000000000000000330000000000000000000
00000330000000000000000000333000000000000000000333000000033300000000000000000000000000003300000000000000000000000000000330000000000000000000
00000330000000000000000000333000000000000000000330000000033300000000000000000000000000003300000000000000000000000000000330000000000000000000
00000330000000000000000000333000000000000000000330000000033300000000000000000000000000003300000000000000000000000000000330000000000000000000
00000330000000000000000000333000000000000000000333000000033300000000000000000000000000003300000000000000000000000000000330000000000000000000
00000330000000000000000000333000000000000000000330000000033300000000000000000000000000003330000000000000000000000000000330000000000000000000
00000330000000000000000000333000000000000000000333000000033300000000000000000000000000003300000000000000000000000000000330000000000000000000
00000330000000000000000000333000000000000000000330000000033300000000000000000000000000003300000000000000000000000000000330000000000000000000
00000330000000000000000000333000000000000000000330000000033300000000000000000000000000003330000000000000000000000000000330000000000000000000
00000330000000000000000000333000000000000000000333000000033300000000000000000000000000003300000000000000000000000000000330000000000000000000
00000330000000000000000000333000000000000000000330000000033300000000000000000000000000003330000000000000000000000000000330000000000000000000
00000330000000000000000000333000000000000000000000000000000000000000000000000000000000003300000000000000000000000000000330000000000000000000
00000330000000000000000000333000000000000000000000000000000000000000000000000000000000003300000000000000000000000000000330000000000000000000
00000330000000000000000000333000000000000000000000000000000000000000000000000000000000003330000000000000000000000000000330000000000000000000
00000330000000000000000000333000000000000000000000000000000000000000000000000000000000003300000000000000000000000000000330000000000000000000
00000330000000000000000000333000000000000000000000000000000000000000000000000000000000003330000000000000000000000000000330000000000000000000
00000330000000000000000000333000000000000000000000000000000000000000000000000000000000003330000000000000000000000000000330000000000000000000
00000330000000000000000000333000000000000000000000000000000000000000000000000000000000003300000000000000000000000000000330000000000000000000
00000330000000000000000000333000000000000000000000000000000000000000000000000000000000003330000000000000000000000000000333000000000000000000
00000330000000000000000000333000000000000000000000000000000000000000000000000000000000003300000000000000000000000000000333000000000000000000
00000330000000000000000000333000000000000000000000000000000000000000000000000000000000003330000000000000000000000000000330000000000000000000
00000330000000000000000000333000000000000000000000000000000000000000000000000000000000003330000000000000000000000000000333000000000000000000
00000330000000000000000000333000000000000000000000000000000000000000000000000000000000003330000000000000000000000000000333000000000000000000
00000330000000000000000000333000000000000000000000000000000000000000000000000000000000003330000000000000000000000000000330000000000000000000
00000330000000000000000000333000000000000000000000000000000000000000000000000000000000003330000000000000000000000000000333000000000000000000
00000330000000000000000000333000000000000000000000000000000000000000000000000000000000003330000000000000000000000000000333000000000000000000
00000330000000000000000000333000000000000000000000000000000000000000000000000000000000003330000000000000000000000000000333000000000000000000
00000330000000000000000000333000000000000000000000000000000000000000000000000000000000003330000000000000000000000000000330000000000000000000
00000330000000000000000000333000000000000000000000000000003000000000000000000000000000003330000000003000000000000000000333000000000000000000
00000330000000000000000000333333333333333333333333333333333000000000000000000000000000003333333333333000000000000000000333000000000000000000
00000330000000000000000000333333333333333333333333333333333300000000000000000000000000003333333333333300000000000000000333000000000000000000
00000330000000000000000000000000000000000333333333333333333300000000000000000000000000000000000000000000000000000000000333000000000000000000
00000330000000000000000000000000000000000000000000000000033300000000000000000000000000000000000000000000000000000000000333000000000000000000
00000030000000000000000000000000000000000000000000000000033300000000000000000000000000000000000000000000000000000000000333000000000000000000
00000030000000000000000000000000000000000000000000000000033300000000000000000000000000000000000000000000000000000000000333000000000000000000
00000030000000000000000000000000000000000000000000000000033300000000000000000000000000000000000000000000000000000000000333000000000000000000
00000030000000000000000000000000000000000000000000000000033300000000000000000000000000000000000000000000000000000000000333000000000000000000
00000030000000000000000000000000000000000000000000000000033300000000000000000000000000000000000000000000000000000000000333000000000000000000
00000030000000000000000000000000000000000000000000000000033300000000000000000000000000000000000000000000000000000000000333000000000000000000
00000030000000000000000000000000000000000000000000000000033300000000000000000000000000000000000000000000000000000000000333000000000000000000
00000030000000000000000000000000000000000000000000000000033300000000000000000000000000000000000000000000000000000000000333000000000000000000
00000030000000000000000000000000000000000000000000000000033300000000000000000000000000000000000000000000000000000000000333000000000000000000
00000030000000000000000000000000000000000000000000000000033300000000000000000000000000000000000000000000000000000000000333000000000000000000
00000030000000000000000000000000000000000000000000000000033300000000000000000000000000000000000000000000000000000000000333000000000000000000
00000030000000000000000000000000000000000000000000000000033300000000000000000000000000000000000000000000000000000000000333000000000000000000
00000030000000000000000000000000000000000000000000000000033300000000000000000000000000000000000000000000000000000000000333000000000000000000
00000030000000000000000000000000000000000000000000000000033300000000000000000000000000000000000000000000000000000000000333000000000000000000
00000030000000000000000000000000000000000000000000000000033300000000000000000000000000000000000000000000000000000000000333000000000000000000
00000030000000000000000000000000000000000000000000000000033300000000000000000000000000000000000000000000000000000000000333000000000000000000
00000030000000000000000000000000000000000000000000000000033300000000000000000000000000000000000000000000000000000000000333000000000000000000
00000030000000000000000000000000000000000000000000000000033300000000000000000000000000000000000000000000000000000000000333000000000000000000
00000030000000000000000000000000000000000000000000000000033000000000000000000000000000000000000000000000000000000000000333000000000000000000
00000030000000000000000000000000000000000000000000000000033000000000000000000000000000000000000000000000000000000000000333000000000000000000
00000030000000000000000000000000000000000000000000000000033300000000000000000000000000000000000000000000000000000000000333000000000000000000
00000030000000000000000000000000000000000000000000000000033300000000000000000000000000000000000000000000000000000000000300000000000000000000
00000030000000000000000000000000000000000000000000000000033300000000000000000000000000000000000000000000000000000000000330000000000000000000
00000030000000000000000000000000000000000000000000000000033300000000000000000000000000000000000000000000000000000000000330000000000000000000
00000030000000000000000000000000000000000000000000000000033300000000000000000000000000000000000000000000000000000000000330000000000000000000
00000030000000000000000000000000000000000000000000000000033300000000000000000000000000000000000000000000000000000000000330000000000000000000
00000033333333333333333333333333333333333333333333333333333333333333333333333333333333333333333333333333333333333333333330000000000000000000
00000000000000000000000000000000000000000000000000000000003333333333333333333333333333333333333333333333333333333333333300000000000000000000
00000000000000000000000000000000000000000000000000000000000000000000000333333333333333333333333333333333333333333333333300000000000000000000
00000000000000000000000000000000000000000000000000000000000000000000000000000000000000000000000000000000000000000000000000000000000000000000
00000000000000000000000000000000000000000000000000000000000000000000000000000000000000000000000000000000000000000000000000000000000000000000
00000000000000000000000000000000000000000000000000000000000000000000000000000000000000000000000000000000000000000000000000000000000000000000
