484848484848484848484848484848484848484848484848484848484848484848484848484848484848484848484848484848484848484848484848484848484848484848484848484848484848484848484848484848484848484848484848484848484848484848484848484848484848484848484848484848484848484848484848484848484848484848484848
484848484848484848484848484848484848484848484848484848484848484848484848484848484848484848484848484848484848484848484848484848484848484848484848484848484848484848484848484848484848484848484848484848484848484848484848484848484848484848484848484848484848484848484848484848484848484848484848
484848484848484848484848484848484848484848484848484848484848484848484848484848484848484848484848484848484848484848484848484848484848484848484848484848484848484848484848484848484848484848484848484848484848484848484848484848484848484848484848484848484848484848484848484848484848484848484848
484848484848484848484848484848484848484848484848484848484848484848484848484848484848484848484848484848484848484848484848484848484848484848484848484848484848484848484848484848484848484848484848484848484848484848484848484848484848484848484848484848484848484848484848484848484848484848484848
484848484848484848484848484848484848484848484848484848484848484848484848484848484848484848484848484848484848484848484848484848484848484848484848484848484848484848484848484848484848484848484848484848484848484848484848484848484848484848484848484848484848484848484848484848484848484848484848
484848484848484848484848484848484848484848484848484848484848484848484848484848484848484848484848484848484848484848484848484848484848484848484848484848484848484848484848484848484848484848484848484848484848484848484848484848484848484848484848484848484848484848484848484848484848484848484848
484848484848484848484848484848484848484848484848484848484848484848484848484848484848484848484848484848484848484848484848484848484848484848484848484848484848484848484848484848484848484848484848484848484848484848484848484848484848484848484848484848484848484848484848484848484848484848484848
484848484848484848484848484848484848484848484848484848484848484848484848484848484848484848484848484848484848484848484848484848484848484848484848484848484848484848484848484848484848484848484848484848484848484848484848484848484848484848484848484848484848484848484848484848484848484848484848
484848484848484848484848484848484848484848484848484848484848484848484848484848484848484848484848484848484848484848484848484848484848484848484848484848484848484848484848484848484848484848484848484848484848484848484848484848484848484848484848484848484848484848484848484848484848484848484848
484848484848484848484848484848484848484848484848484848484848484848484848484848484848484848484848484848484848484848484848484848484848484848484848484848484848484848484848484848484848484848484848484848484848484848484848484848484848484848484848484848484848484848484848484848484848484848484848
484848484848484848484848484848484848484848484848484848484848484848484848484848484848484848484848484848484848484848484848484848484848484848484848484848484848484848484848484848484848484848484848484848484848484848484848484848484848484848484848484848484848484848484848484848484848484848484848
484848484848484848484848484848484848484848484848484848484848484848484848484848484848484848484848484848484848484848484848484848484848484848484848484848484848484848484848484848484848484848484848484848484848484848484848484848484848484848484848484848484848484848484848484848484848484848484848
484848484848484848484848484848484848484848484848484848484848484848484848484848484848484848484848484848484848484848484848484848484848484848484848484848484848484848484848484848484848484848484848484848484848484848484848484848484848484848484848484848484848484848484848484848484848484848484848
484848484848484848484848484848484848484848484848484848484848484848484848484848484848484848484848484848484848484848484848484848484848484848484848484848484848484848484848484848484848484848484848484848484848484848484848484848484848484848484848484848484848484848484848484848484848484848484848
484848484848484848484848484848484848484848484848484848484848484848484848484848484848484848484848484848484848484848484848484848484848484848484848484848484848484848484848484848484848484848484848484848484848484848484848484848484848484848484848484848484848484848484848484848484848484848484848
484848484848484848484848484848484848484848484848484848484848484848484848484848484848484848484848484848484848484848484848484848484848484848484848484848484848484848484848484848484848484848484848484848484848484848484848484848484848484848484848484848484848484848484848484848484848484848484848
484848484848484848484848484848484848484848484848484848484848484848484848484848484848484848484848484848484848484848484848484848484848484848484848484848484848484848484848484848484848484848484848484848484848484848484848484848484848484848484848484848484848484848484848484848484848484848484848
484848484848484848484848484848484848484848484848484848484848484848484848484848484848484848484848484848484848484848484848484848484848484848484848484848484848484848484848484848484848484848484848484848484848484848484848484848484848484848484848484848484848484848484848484848484848484848484848
484848484848484848484848484848484848484848484848484848484848484848484848484848484848484848484848484848484848484848484848484848484848484848484848484848484848484848484848484848484848484848484848484848484848484848484848484848484848484848484848484848484848484848484848484848484848484848484848
484848484848484848484848484848504848484848484848484848484848484848484848484848484848484848484848484848484848484848484848484848484848484848484848484848484848484848484848484848484848484848484848484848484848484848484848484848484848484848484848484848484848484848484848484848484848484848484848
484848484848484848484848484848484848484848484848484848484848484848484848484848484848484848484848484848484848484848484848484848484848484848484848484848484848484848484848484848484848484848484848484848484848484848484848484848484848484848484848484848484848484848484848484848484848484848484848
484848484848484848484848484848484848484848484848484848484848484848484848484848484848484848484848484848484848484848484848484848484848484848484848484848484848484848484848484848484848484848484848484848484848484848484848484848484848484848484848484848484848484848484848484848484848484848484848
484848484848484848484848484848484848484848484848484848484848484848484848484848484848484848484848484848484848484848484848484848484848484848484848484848484848484848484848484848484848484848484848484848484848484848484848484848484848484848484848484848484848484848484848484848484848484848484848
484848484848484848484848484848484848484848484848484848484848484848484848484848484848484848484848484848484848484848484848484848484848484848484848484848484848484848484848484848484848484848484848484848484848484848484848484848484848484848484848484848484848484848484848484848484848484848484848
484848484848484848484848484848484848484848484848484848484848484848484848484848484848484848484848484848484848484848484848484848484848484848484848484848484848484848484848484848484848484848484848484848484848484848484848484848484848484848484848484848484848484848484848484848484848484848484848
484848484848484848484848484848484848484848484848484848484848484848484848484848484848484848484848484848484848484848484848484848484848484848484848484848484848484848484848484848484848484848484848484848484848484848484848484848484848484848484848484848484848484848484848484848484848484848484848
484848484848484848484848484848484848484848484848484848484848484848484848484848484848484848484848484848484848484848484848484848484848484848484848484848484848484848484848484848484848484848484848484848484848484848484848484848484848484848484848484848484848484848484848484848484848484848484848
484848484848484848484848484848484848484848484848484848484848484848484848484848484848484848484848484848484848484848484848484848484848484848484848484848484848484848484848484848484848484848484848484848484848484848484848484848484848484848484848484848484848484848484848484848484848484848484848
484848484848484848484848484848484848484848484848484848484848484848484848484848484848484848484848484848484848484848484848484848484848484848484848484848484848484848484848484848484848484848484848484848484848484848484848484848484848484848484848484848484848484848484848484848484848484848484848
484848484848484848484848484848484848484848484848484848484848484848484848484848484848484848484848484848484848484848484848484848484848484848484848484848484848484848484848484848484848484848484848484848484848484848484848484848484848484848484848484848484848484848484848484848484848484848484848
484848484848484848484848484848484848484848484848484848484848484848484848484848484848484848484848484848484848484848484848484848484848484848484848484848484848484848484848484848484848484848484848484848484848484848484848484848484848484848484848484848484848484848484848484848484848484848484848
484848484848484848484848484848484848484848484848484848484848484848484848484848484848484848484848484848484848484848484848484848484848484848484848484848484848484848484848484848484848484848484848484848484848484848484848484848484848484848484848484848484848484848484848484848484848484848484848
484848484848484848484848484848484848484848484848484848484848484848484848484848484848484848484848484848484848484848484848484848484848484848484848484848484848484848484848484848484848484848484848484848484848484848484848484848484848484848484848484848484848484848484848484848484848484848484848
484848484848484848484848484848484848484848484848484848484848484848484848484848484848484848484848484848484848484848484848484848484848484848484848484848484848484848484848484848484848484848484848484848484848484848484848484848484848484848484848484848484848484848484848484848484848484848484848
484848484848484848484848484848484848484848484848484848484848484848484848484848484848484848484848484848484848484848484848484848484848484848484848484848484848484848484848484848484848484848484848484848484848484848484848484848484848484848484848484848484848484848484848484848484848484848484848
484848484848484848484848484848484848484848484848484848484848484848484848484848484848484848484848484848484848484848484848484848484848484848484848484848484848484848484848484848484848484848484848484848484848484848484848484848484848484848484848484848484848484848484848484848484848484848484848
484848484848484848484848484848484848484848484848484848484848484848484848484848484848484848484848484848484848484848484848484848484848484848484848484848484848484848484848484848484848484848484848484848484848484848484848484848484848484848484848484848484848484848484848484848484848484848484848
484848484848484848484848484848484848484848484848484848484848484848484848484848484848484848484848484848484848484848484848484848484848484848484848484848484848484848484848484848484848484848484848484848484848484848484848484848484848484848484848484848484848484848484848484848484848484848484848
484848484848484848484848484848484848484848484848484848484848484848484848484848484848484848484848484848484848484848484848484848484848484848484848484848484848484848484848484848484848484848484848484848484848484848484848484848484848484848484848484848484848484848484848484848484848484848484848
484848484848484848484848484848484848484848484848484848484848484848484848484848484848484848484848484848484848484848484848484848484848484848484848484848484848484848484848484848484848484848484848484848484848484848484848484848484848484848484848484848484848484848484848484848484848484848484848
484848484848484848484848484848484848484848484848484848484848484848484848484848484848484848484848484848484848484848484848484848484848484848484848484848484848484848484848484848484848484848484848484848484848484848484848484848484848484848484848484848484848484848484848484848484848484848484848
484848484848484848484848484848484848484848484848484848484848484848484848484848484848484848484848484848484848484848484848484848484848484848484848484848484848484848484848484848484848484848484848484848484848484848484848484848484848484848484848484848484848484848484848484848484848484848484848
484848484848484848484848484848484848484848484848484848484848484848484848484848484848484848484848484848484848484848484848484848484848484848484848484848484848484848484848484848484848484848484848484848484848484848484848484848484848484848484848484848484848484848484848484848484848484848484848
484848484848484848484848484848484848484848484848484848484848484848484848484848484848484848484848484848484848484848484848484848484848484848484848484848484848484848484848484848484848484848484848484848484848484848484848484848484848484848484848484848484848484848484848484848484848484848484848
484848484848484848484848484848484848484848484848484848484848484848484848484848484848484848484848484848484848484848484848484848484848484848484848484848484848484848484848484848484848484848484848484848484848484848484848484848484848484848484848484848484848484848484848484848484848484848484848
484848484848484848484848484848484848484848484848484848484848484848484848484848484848484848484848484848484848484848484848484848484848484848484848484848484848484848484848484848484848484848484848484848484848484848484848484848484848484848484848484848484848484848484848484848484848484848484848
484848484848484848484848484848484848484848484848484848484848484848484848484848484848484848484848484848484848484848484848484848484848484848484848484848484848484848484848484848484848484848484848484848484848484848484848484848484848484848484848484848484848484848484848484848484848484848484848
484848484848484848484848484848484848484848484848484848484848484848484848484848484848484848484848484848484848484848484848484848484848484848484848484848484848484848484848484848484848484848484848484848484848484848484848484848484848484848484848484848484848484848484848484848484848484848484848
484848484848484848484848484848484848484848484848484848484848484848484848484848484848484848484848484848484848484848484848484848484848484848484848484848484848484848484848484848484848484848484848484848484848484848484848484848484848484848484848484848484848484848484848484848484848484848484848
484848484848484848484848484848484848484848484848484848484848484848484848484848484848484848484848484848484848484848484848484848484848484848484848484848484848484848484848484848484848484848484848484848484848484848484848484848484848484848484848484848484848484848484848484848484848484848484848
484848484848484848484848484848484848484848484848484848484848484848484848484848484848484848484848484848484848484848484848484848484848484848484848484848484848484848484848484848484848484848484848484848484848484848484848484848484848484848484848484848484848484848484848484848484848484848484848
484848484848484848484848484848484848484848484848484848484848484848484848484848484848484848484848484848484848484848484848484848484848484848484848484848484848484848484848484848484848484848484848484848484848484848484848484848484848484848484848484848484848484848484848484848484848484848484848
484848484848484848484848484848484848484848484848484848484848484848484848484848484848484848484848484848484848484848484848484848484848484848484848484848484848484848484848484848484848484848484848484848484848484848484848484848484848484848484848484848484848484848484848484848484848484848484848
484848484848484848484848484848484848484848484848484848484848484848484848484848484848484848484848484848484848484848484848484848484848484848484848484848484848484848484848484848484848484848484848484848484848484848484848484848484848484848484848484848484848484848484848484848484848484848484848
484848484848484848484848484848484848484848484848484848484848484848484848484848484848484848484848484848484848484848484848484848484848484848484848484848484848484848484848484848484848484848484848484848484848484848484848484848484848484848484848484848484848484848484848484848484848484848484848
484848484848484848484848484848484848484848484848484848484848484848484848484848484848484848484848484848484848484848484848484848484848484848484848484848484848484848484848484848484848484848484848484848484848484848484848484848484848484848484848484848484848484848484848484848484848484848484848
484848484848484848484848484848484848484848484848484848484848484848484848484848484848484848484848484848484848484848484848484848484848484848484848484848484848484848484848484848484848484848484848484848484848484848484848484848484848484848484848484848484848484848484848484848484848484848484848
484848484848484848484848484848484848484848484848484848484848484848484848484848484848484848484848484848484848484848484848484848484848484848484848484848484848484848484848484848484848484848484848484848484848484848484848484848484848484848484848484848484848484848484848484848484848484848484848
484848484848484848484848484848484848484848484848484848484848484848484848484848484848484848484848484848484848484848484848484848484848484848484848484848484848484848484848484848484848484848484848484848484848484848484848484848484848484848484848484848484848484848484848484848484848484848484848
484848484848484848484848484848484848484848484848484848484848484848484848484848484848484848484848484848484848484848484848484848484848484848484848484848484848484848484848484848484848484848484848484848484848484848484848484848484848484848484848484848484848484848484848484848484848484848484848
484848484848484848484848484848484848484848484848484848484848484848484848484848484848484848484848484848484848484848484848484848484848484848484848484848484848484848484848484848484848484848484848484848484848484848484848484848484848484848484848484848484848484848484848484848484848484848484848
48484848484848484848484848484848484848484848484848484848484848484848484848484848484848484848484848484848484848484848484848484848484848484848484848484848484848484848484848484848484848484848484848484848484848484848484848484824848484848484848484848484848484848484848484848484848484848484848
484848484848484848484848484848484848484848484848484848484848484848484848484848484848484848484848484848484848484848484848484848484848484848484848484848484848484848484848484848484848484848484848484848484848484848484848484848484848484848484848484848484848484848484848484848484848484848484848
484848484848484848484848484848484848484848484848484848484848484848484848484848484848484848484848484848484848484848484848484848484848484848484848484848484848484848484848484848484848484848484848484848484848484848484848484848484848484848484848484848484848484848484848484848484848484848484848
484848484848484848484848484848484848484848484848484848484848484848484848484848484848484848484848484848484848484848484848484848484848484848484848484848484848484848484848484848484848484848484848484848484848484848484848484848484848484848484848484848484848484848484848484848484848484848484848
484848484848484848484848484848484848484848484848484848484848484848484848484848484848484848484848484848484848484848484848484848484848484848484848484848484848484848484848484848484848484848484848484848484848484848484848484848484848484848484848484848484848484848484848484848484848484848484848
484848484848484848484848484848484848484848484848484848484848484848484848484848484848484848484848484848484848484848484848484848484848484848484848484848484848484848484848484848484848484848484848484848484848484848484848484848484848484848484848484848484848484848484848484848484848484848484848
484848484848484848484848484848484848484848484848484848484848484848484848484848484848484848484848484848484848484848484848484848484848484848484848484848484848484848484848484848484848484848484848484848484848484848484848484848484848484848484848484848484848484848484848484848484848484848484848
484848484848484848484848484848484848484848484848484848484848484848484848484848484848484848484848484848484848484848484848484848484848484848484848484848484848484848484848484848484848484848484848484848484848484848484848484848484848484848484848484848484848484848484848484848484848484848484848
484848484848484848484848484848484848484848484848484848484848484848484848484848484848484848484848484848484848484848484848484848484848484848484848484848484848484848484848484848484848484848484848484848484848484848484848484848484848484848484848484848484848484848484848484848484848484848484848
484848484848484848484848484848484848484848484848484848484848484848484848484848484848484848484848484848484848484848484848484848484848484848484848484848484848484848484848484848484848484848484848484848484848484848484848484848484848484848484848484848484848484848484848484848484848484848484848
484848484848484848484848484848484848484848484848484848484848484848484848484848484848484848484848484848484848484848484848484848484848484848484848484848484848484848484848484848484848484848484848484848484848484848484848484848484848484848484848484848484848484848484848484848484848484848484848
484848484848484848484848484848484848484848484848484848484848484848484848484848484848484848484848484848484848484848484848484848484848484848484848484848484848484848484848484848484848484848484848484848484848484848484848484848484848484848484848484848484848484848484848484848484848484848484848
484848484848484848484848484848484848484848484848484848484848484848484848484848484848484848484848484848484848484848484848484848484848484848484848484848484848484848484848484848484848484848484848484848484848484848484848484848484848484848484848484848484848484848484848484848484848484848484848
484848484848484848484848484848484848484848484848484848484848484848484848484848484848484848484848484848484848484848484848484848484848484848484848484848484848484848484848484848484848484848484848484848484848484848484848484848484848484848484848484848484848484848484848484848484848484848484848
484848484848484848484848484848484848484848484848484848484848484848484848484848484848484848484848484848484848484848484848484848484848484848484848484848484848484848484848484848484848484848484848484848484848484848484848484848484848484848484848484848484848484848484848484848484848484848484848
484848484848484848484848484848484848484848484848484848484848484848484848484848484848484848484848484848484848484848484848484848484848484848484848484848484848484848484848484848484848484848484848484848484848484848484848484848484848484848484848484848484848484848484848484848484848484848484848
484848484848484848484848484848484848484848484848484848484848484848484848484848484848484848484848484848484848484848484848484848484848484848484848484848484848484848484848484848484848484848484848484848484848484848484848484848484848484848484848484848484848484848484848484848484848484848484848
484848484848484848484848484848484848484848484848484848484848484848484848484848484848484848484848484848484848484848484848484848484848484848484848484848484848484848484848484848484848484848484848484848484848484848484848484848484848484848484848484848484848484848484848484848484848484848484848
484848484848484848484848484848484848484848484848484848484848484848484848484848484848484848484848484848484848484848484848484848484848484848484848484848484848484848484848484848484848484848484848484848484848484848484848484848484848484848484848484848484848484848484848484848484848484848484848
484848484848484848484848484848484848484848484848484848484848484848484848484848484848484848484848484848484848484848484848484848484848484848484848484848484848484848484848484848484848484848484848484848484848484848484848484848484848484848484848484848484848484848484848484848484848484848484848
484848484848484848484848484848484848484848484848484848484848484848484848484848484848484848484848484848484848484848484848484848484848484848484848484848484848484848484848484848484848484848484848484848484848484848484848484848484848484848484848484848484848484848484848484848484848484848484848
484848484848484848484848484848484848484848484848484848484848484848484848484848484848484848484848484848484848484848484848484848484848484848484848484848484848484848484848484848484848484848484848484848484848484848484848484848484848484848484848484848484848484848484848484848484848484848484848
484848484848484848484848484848484848484848484848484848484848484848484848484848484848484848484848484848484848484848484848484848484848484848484848484848484848484848484848484848484848484848484848484848484848484848484848484848484848484848484848484848484848484848484848484848484848484848484848
484848484848484848484848484848484848484848484848484848484848484848484848484848484848484848484848484848484848484848484848484848484848484848484848484848484848484848484848484848484848484848484848484848484848484848484848484848484848484848484848484848484848484848484848484848484848484848484848
484848484848484848484848484848484848484848484848484848484848484848484848484848484848484848484848484848484848484848484848484848484848484848484848484848484848484848484848484848484848484848484848484848484848484848484848484848484848484848484848484848484848484848484848484848484848484848484848
484848484848484848484848484848484848484848484848484848484848484848484848484848484848484848484848484848484848484848484848484848484848484848484848484848484848484848484848484848484848484848484848484848484848484848484848484848484848484848484848484848484848484848484848484848484848484848484848
484848484848484848484848484848484848484848484848484848484848484848484848484848484848484848484848484848484848484848484848484848484848484848484848484848484848484848484848484848484848484848484848484848484848484848484848484848484848484848484848484848484848484848484848484848484848484848484848
484848484848484848484848484848484848484848484848484848484848484848484848484848484848484848484848484848484848484848484848484848484848484848484848484848484848484848484848484848484848484848484848484848484848484848484848484848484848484848484848484848484848484848484848484848484848484848484848
484848484848484848484848484848484848484848484848484848484848484848484848484848484848484848484848484848484848484848484848484848484848484848484848484848484848484848484848484848484848484848484848484848484848484848484848484848484848484848484848484848484848484848484848484848484848484848484848
484848484848484848484848484848484848484848484848484848484848484848484848484848484848484848484848484848484848484848484848484848484848484848484848484848484848484848484848484848484848484848484848484848484848484848484848484848484848484848484848484848484848484848484848484848484848484848484848
484848484848484848484848484848484848484848484848484848484848484848484848484848484848484848484848484848484848484848484848484848484848484848484848484848484848484848484848484848484848484848484848484848484848484848484848484848484848484848484848484848484848484848484848484848484848484848484848
484848484848484848484848484848484848484848484848484848484848484848484848484848484848484848484848484848484848484848484848484848484848484848484848484848484848484848484848484848484848484848484848484848484848484848484848484848484848484848484848484848484848484848484848484848484848484848484848
484848484848484848484848484848484848484848484848484848484848484848484848484848484848484848484848484848484848484848484848484848484848484848484848484848484848484848484848484848484848484848484848484848484848484848484848484848484848484848484848484848484848484848484848484848484848484848484848
484848484848484848484848484848484848484848484848484848484848484848484848484848484848484848484848484848484848484848484848484848484848484848484848484848484848484848484848484848484848484848484848484848484848484848484848484848484848484848484848484848484848484848484848484848484848484848484848
484848484848484848484848484848484848484848484848484848484848484848484848484848484848484848484848484848484848484848484848484848484848484848484848484848484848484848484848484848484848484848484848484848484848484848484848484848484848484848484848484848484848484848484848484848484848484848484848
484848484848484848484848484848484848484848484848484848484848484848484848484848484848484848484848484848484848484848484848484848484848484848484848484848484848484848484848484848484848484848484848484848484848484848484848484848484848484848484848484848484848484848484848484848484848484848484848
484848484848484848484848484848484848484848484848484848484848484848484848484848484848484848484848484848484848484848484848484848484848484848484848484848484848484848484848484848484848484848484848484848484848484848484848484848484848484848484848484848484848484848484848484848484848484848484848
484848484848484848484848484848484848484848484848484848484848484848484848484848484848484848484848484848484848484848484848484848484848484848484848484848484848484848484848484848484848484848484848484848484848484848484848484848484848484848484848484848484848484848484848484848484848484848484848
484848484848484848484848484848484848484848484848484848484848484848484848484848484848484848484848484848484848484848484848484848484848484848484848484848484848484848484848484848484848484848484848484848484848484848484848484848484848484848484848484848484848484848484848484848484848484848484848
484848484848484848484848484848484848484848484848484848484848484848484848484848484848484848484848484848484848484848484848484848484848484848484848484848484848484848484848484848484848484848484848484848484848484848484848484848484848484848484848484848484848484848484848484848484848484848484848
484848484848484848484848484848484848484848484848484848484848484848484848484848484848484848484848484848484848484848484848484848484848484848484848484848484848484848484848484848484848484848484848484848484848484848484848484848484848484848484848484848484848484848484848484848484848484848484848
484848484848484848484848484848484848484848484848484848484848484848484848484848484848484848484848484848484848484848484848484848484848484848484848484848484848484848484848484848484848484848484848484848484848484848484848484848484848484848484848484848484848484848484848484848484848484848484848
484848484848484848484848484848484848484848484848484848484848484848484848484848484848484848484848484848484848484848484848484848484848484848484848484848484848484848484848484848484848484848484848484848484848484848484848484848484848484848484848484848484848484848484848484848484848484848484848
